-1 -1
28.360306 -73.022131
27.312998 -75.734110
24.656139 -78.137408
23.013519 -79.151643
21.315777 -80.000514
19.673157 -80.684020
18.239996 -81.169091
16.255624 -81.962838
16.035136 -82.084107
15.715432 -82.249472
15.131145 -82.503030
13.863351 -82.723515
12.959357 -82.403811
12.463263 -81.554941
12.297898 -80.783238
12.253798 -80.309195
12.319948 -79.857197
12.397118 -79.339055
12.419158 -78.964231
12.485308 -78.468137
12.551458 -78.027164
12.595558 -77.762580
12.760923 -76.726298
13.069604 -74.686802
13.323163 -73.264666
13.653892 -71.666141
13.697992 -71.467704
13.775162 -71.181073
13.907454 -70.618833
13.951554 -70.177863
13.819262 -69.803035
13.444435 -69.483331
13.113706 -69.196698
13.025516 -68.843921
13.400343 -67.961977
14.205116 -67.509982
15.561106 -67.609202
16.729680 -67.708422
18.438447 -67.642272
20.136191 -67.576122
23.145823 -67.829680
25.692438 -68.733671
26.596429 -69.362056
27.776032 -71.015702
28.360319 -73.022125
#
26.442077 -73.022131
25.317598 -70.673954
22.671767 -69.615623
21.117340 -69.428208
19.507792 -69.362058
18.978625 -69.384098
18.394338 -69.417168
17.247811 -69.527409
16.079234 -69.604579
15.770555 -71.125934
15.461874 -72.768554
15.362654 -73.319769
15.197289 -74.146591
15.020900 -75.050583
14.888608 -75.811260
14.778367 -76.549889
14.679147 -77.321589
14.601977 -78.093291
14.579937 -78.798847
14.833495 -80.110739
16.520214 -79.746937
17.413183 -79.471328
18.394345 -79.129574
19.298336 -78.809870
19.981845 -78.578360
24.402588 -76.494769
24.777415 -76.097894
25.240436 -75.513604
26.100332 -74.135566
26.442084 -73.022112
#
42.295093 -65.889518
41.832072 -65.999589
41.457418 -66.297245
41.192834 -66.727193
41.049174 -67.234139
40.983024 -67.631014
40.906024 -68.171549
40.795953 -68.932227
40.696733 -69.527539
40.564441 -70.177629
40.399076 -71.081966
40.090051 -72.757316
39.924687 -73.810482
39.550033 -74.422331
38.414701 -76.020683
37.191004 -77.442818
35.945085 -78.589518
34.963749 -79.294902
33.905416 -79.834920
32.836231 -80.187870
31.810970 -80.309310
30.653418 -80.110872
29.936666 -79.625631
29.584233 -78.986393
29.485013 -78.335787
29.584233 -78.159570
29.837447 -77.949764
30.124251 -77.751326
30.344910 -77.608183
32.516353 -76.042904
33.960710 -74.686914
34.754460 -73.430143
34.996822 -72.173372
34.875899 -71.533618
34.533801 -70.960527
33.971562 -70.541431
33.200033 -70.376066
32.020260 -70.596724
30.973295 -71.125891
30.113399 -71.831274
29.473645 -72.548027
28.712968 -73.694727
28.117656 -74.995422
27.743001 -76.384485
27.610710 -77.784399
27.819999 -79.294902
28.503679 -80.617818
29.716524 -81.566081
31.524166 -81.918514
33.541614 -81.587785
35.405066 -80.706185
37.069564 -79.449414
38.458626 -77.994206
39.583106 -76.516777
39.610496 -76.474397
39.550036 -77.938907
39.825471 -79.989428
40.597517 -81.422415
41.755069 -82.271459
43.177204 -82.546894
44.334757 -82.359826
45.480940 -81.841511
46.539273 -81.124759
47.465315 -80.309305
48.027554 -79.713992
48.164497 -79.555346
48.159797 -79.581696
48.093647 -80.485517
48.237308 -81.301487
48.622814 -81.984650
49.196422 -82.459039
49.879585 -82.635256
51.092431 -82.293675
52.492345 -81.389337
53.870556 -80.132566
55.028108 -78.732652
55.391910 -80.177008
55.965001 -81.378485
56.791824 -82.183087
57.938524 -82.480744
58.919860 -82.293675
59.790608 -81.819285
60.518212 -81.169196
61.047379 -80.463296
61.268037 -80.011644
61.345037 -79.603400
61.212745 -79.350185
60.937310 -79.228746
60.760576 -79.350185
60.551287 -79.625621
59.592172 -80.474664
58.225331 -80.760952
57.552503 -80.595587
57.012485 -80.000275
56.648683 -78.809650
56.516391 -76.880569
56.593391 -75.954527
56.758755 -74.984560
56.935489 -74.157737
57.012489 -73.694717
56.957199 -73.374839
56.836276 -73.187254
56.692616 -73.021889
56.582545 -72.724233
56.428032 -72.382652
56.174818 -72.074144
55.877161 -71.842633
55.590357 -71.754263
55.414141 -71.798183
55.237407 -71.897403
55.061191 -71.985773
54.884974 -72.018843
54.664316 -71.985773
54.399732 -71.897403
54.135149 -71.798183
53.914491 -71.754263
52.988449 -72.095844
51.797824 -73.011033
50.563274 -74.356171
49.515793 -75.976744
49.287900 -76.424778
49.185063 -76.538983
48.744264 -77.056781
48.126730 -77.773533
47.156764 -78.831867
46.032284 -79.824054
44.808586 -80.573879
43.507891 -80.860167
42.471261 -80.617804
41.776730 -79.934125
41.391224 -78.875792
41.269784 -77.486729
41.346784 -75.965375
41.545222 -74.311729
41.821174 -72.669452
42.107461 -71.169802
42.361193 -69.957473
42.813361 -67.708515
42.934284 -67.047056
43.077945 -66.385598
#
32.714799 -71.952714
32.902384 -72.008004
33.123043 -72.151148
33.299259 -72.349585
33.376259 -72.581095
33.310109 -72.977970
33.100820 -73.397066
32.737018 -73.860087
32.207851 -74.433179
31.535541 -75.061564
30.697349 -75.778316
29.914968 -76.417554
29.396653 -76.803577
29.903599 -74.840906
30.752643 -73.308700
31.755682 -72.316512
#
54.366707 -73.132487
54.928947 -73.496289
55.182678 -74.686914
55.039018 -75.601587
54.664364 -76.593774
54.146049 -77.585962
53.595178 -78.478931
52.944572 -79.294902
52.128601 -80.077799
51.357072 -80.683964
50.805684 -80.915474
50.056376 -80.606966
49.857939 -79.768774
49.978861 -78.975024
50.298739 -78.038131
50.772611 -77.023722
51.323999 -76.009831
51.908459 -75.061568
52.470699 -74.256966
52.812280 -73.870943
53.275301 -73.507141
53.804468 -73.242558
#
75.875034 -77.123170
75.808884 -77.850774
75.709664 -78.413014
75.191523 -79.669784
74.320605 -80.970653
73.361490 -82.062057
72.534667 -82.767613
71.641698 -83.263707
70.384928 -83.737750
67.860363 -84.189749
66.162622 -83.859020
65.390920 -82.657369
65.666528 -81.874645
66.680764 -81.621086
68.080849 -81.896692
69.117134 -82.161276
70.087271 -81.995911
71.222776 -81.532890
72.181890 -80.739143
73.085882 -79.680810
73.758365 -78.523258
74.000898 -77.420826
73.405586 -76.086887
72.005501 -75.160845
70.616438 -74.830116
69.271474 -74.962408
68.367482 -75.293137
67.628853 -75.502600
66.901249 -75.271089
66.526424 -74.686802
66.614614 -74.157635
66.868172 -73.771783
67.220949 -73.518225
67.639874 -73.374908
68.113918 -73.286718
68.654109 -73.220568
69.348641 -73.110324
70.914090 -72.063016
71.685793 -71.434631
72.369299 -70.762150
73.008709 -69.659719
72.523638 -68.777775
70.925115 -68.480119
70.142391 -68.513189
69.282495 -68.623433
68.389526 -68.799820
67.518605 -69.031330
66.691785 -69.328986
65.953155 -69.692789
65.346818 -70.122736
64.916870 -70.585757
64.784581 -71.037753
64.718431 -72.029940
64.696391 -72.779592
64.663321 -73.672561
64.619231 -74.532457
64.586161 -75.138795
64.520011 -75.656936
64.431811 -76.362492
64.255424 -77.740530
64.200304 -78.842959
64.211334 -79.272906
64.244404 -79.835146
64.277474 -80.408411
64.288504 -80.805286
64.034943 -82.216396
63.186072 -82.657366
61.874181 -80.419433
62.138764 -78.644521
62.436420 -76.770390
62.524610 -75.811275
62.612810 -74.951380
62.712030 -73.992268
62.844319 -72.724472
62.921489 -72.007893
62.954559 -71.622043
62.877389 -71.037753
62.811239 -70.740097
62.800209 -70.530637
63.097865 -69.130549
63.726250 -68.347824
64.453855 -68.215532
65.104288 -68.028120
67.364269 -67.267443
68.455675 -66.914666
69.514008 -66.683156
70.197514 -66.628036
71.123556 -66.605996
71.740916 -66.605996
72.347254 -66.716240
73.118953 -67.035944
73.846558 -67.487939
74.309578 -67.984033
74.574162 -68.689589
74.662352 -69.130560
74.695422 -69.472314
73.923723 -71.302347
71.696812 -73.430039
73.262264 -73.970228
74.596203 -74.841149
75.522245 -75.932555
75.875022 -77.123178
#
100.08431 -65.889518
99.621293 -65.999589
99.246636 -66.297245
98.982056 -66.727193
98.838399 -67.234139
98.772799 -67.631014
98.695299 -68.171549
98.585229 -68.932227
98.486029 -69.527539
98.353742 -70.177629
98.188382 -71.081966
97.879875 -72.757316
97.615295 -74.499329
97.416855 -76.263045
97.384255 -76.675940
96.820991 -77.310527
95.740954 -78.457227
94.594254 -79.526412
93.447554 -80.419381
92.378368 -81.014693
91.430106 -81.235352
90.846162 -81.136132
90.360920 -80.805403
90.041043 -80.210090
89.920120 -79.317121
90.250850 -75.546809
91.209964 -71.434398
91.330887 -71.026671
91.584618 -70.243773
91.882275 -69.284659
92.179931 -68.358617
92.411441 -67.653234
92.499811 -67.355578
92.411441 -66.650194
92.136006 -66.429536
91.243037 -66.914778
90.460139 -68.193253
89.809533 -70.034484
89.269514 -72.217296
89.034386 -73.393452
88.420470 -74.422330
87.285139 -76.020682
86.061441 -77.442817
84.815522 -78.589517
83.834704 -79.294901
82.776370 -79.834919
81.706668 -80.187869
80.681408 -80.309309
79.523856 -80.110871
78.807620 -79.625630
78.454670 -78.986392
78.355450 -78.335786
78.454670 -78.159569
78.708402 -77.949763
78.994689 -77.751325
79.215347 -77.608182
81.387308 -76.042903
82.831147 -74.686913
83.624897 -73.430142
83.867777 -72.173371
83.746337 -71.533617
83.404756 -70.960526
82.842516 -70.541430
82.070470 -70.376065
80.891214 -70.596723
79.843733 -71.125890
78.983837 -71.831273
78.344600 -72.548026
77.583923 -73.694726
76.988610 -74.995421
76.613439 -76.384484
76.481147 -77.784398
76.690954 -79.294901
77.374116 -80.617817
78.586962 -81.566080
80.395120 -81.918513
82.412568 -81.587784
84.275504 -80.706184
85.940002 -79.449413
87.329064 -77.994205
88.453543 -76.516776
88.585318 -76.313687
88.541908 -76.659919
88.354323 -78.445857
88.299543 -79.636482
88.398763 -80.959398
88.795638 -82.083878
89.589388 -82.877628
90.912305 -83.175284
92.179928 -82.888996
93.535917 -82.128319
94.891907 -81.025544
96.170899 -79.735700
97.295378 -78.401932
97.348078 -78.334752
97.614725 -79.989432
98.386772 -81.422419
99.544313 -82.271463
100.96644 -82.546898
102.12400 -82.359830
103.27018 -81.841515
104.32851 -81.124763
105.25455 -80.309309
105.81679 -79.713996
105.95374 -79.555350
105.94874 -79.581700
105.88254 -80.485521
106.02620 -81.301491
106.41171 -81.984654
106.98531 -82.459043
107.66848 -82.635260
108.88132 -82.293679
110.28124 -81.389341
111.65945 -80.132570
112.81700 -78.732656
113.18080 -80.177012
113.75389 -81.378489
114.58072 -82.183091
115.72742 -82.480748
116.70875 -82.293679
117.57950 -81.819289
118.30710 -81.169200
118.83627 -80.463300
119.05693 -80.011648
119.13393 -79.603404
119.00164 -79.350189
118.72620 -79.228750
118.54947 -79.350189
118.34018 -79.625625
117.38106 -80.474668
116.01422 -80.760956
115.34139 -80.595591
114.80137 -80.000279
114.43757 -78.809654
114.30528 -76.880573
114.38228 -75.954531
114.54764 -74.984564
114.72438 -74.157741
114.80138 -73.694721
114.74608 -73.374843
114.62516 -73.187258
114.48150 -73.021893
114.37143 -72.724237
114.21691 -72.382656
113.96370 -72.074148
113.66604 -71.842637
113.37924 -71.754267
113.20302 -71.798187
113.02629 -71.897407
112.85007 -71.985777
112.67386 -72.018847
112.45320 -71.985777
112.18861 -71.897407
111.92403 -71.798187
111.70337 -71.754267
110.77733 -72.095848
109.58671 -73.011037
108.35216 -74.356175
107.30467 -75.976748
107.07678 -76.424782
106.97395 -76.538987
106.53315 -77.056785
105.91561 -77.773537
104.94565 -78.831871
103.82117 -79.824058
102.59747 -80.573883
101.29677 -80.860171
100.26014 -80.617808
99.565613 -79.934129
99.180116 -78.875796
99.058676 -77.486733
99.135676 -75.965379
99.334116 -74.311733
99.610063 -72.669456
99.896353 -71.169806
100.15008 -69.957477
100.60225 -67.708519
100.72317 -67.047060
100.86683 -66.385602
#
81.585715 -71.952714
81.772784 -72.008004
81.993442 -72.151148
82.169659 -72.349585
82.247169 -72.581095
82.181019 -72.977970
81.971213 -73.397066
81.607411 -73.860087
81.078244 -74.433179
80.405933 -75.061564
79.568259 -75.778316
78.785361 -76.417554
78.267046 -76.803577
78.774509 -74.840906
79.623036 -73.308700
80.626592 -72.316512
#
112.15592 -73.132487
112.71816 -73.496289
112.97189 -74.686914
112.82823 -75.601587
112.45358 -76.593774
111.93526 -77.585962
111.38439 -78.478931
110.73379 -79.294902
109.91782 -80.077799
109.14629 -80.683964
108.59490 -80.915474
107.84559 -80.606966
107.64715 -79.768774
107.76808 -78.975024
108.08795 -78.038131
108.56183 -77.023722
109.11321 -76.009831
109.69767 -75.061568
110.25991 -74.256966
110.60149 -73.870943
111.06452 -73.507141
111.59368 -73.242558
#
